0 9.0765 7.3986 Abuja
0 6.5244 3.3792 Lagos
0 12.0022 8.5920 Kano
0 7.3775 3.9470 Ibadan
0 4.8156 7.0498 Port_Harcourt
0 10.5222 7.4383 Kaduna
0 11.8464 13.1603 Maiduguri
0 9.8965 8.8583 Jos
0 7.7667 4.5667 Oshogbo
0 6.3350 5.6037 Benin_City
0 5.5320 5.8987 Warri
0 8.8920 7.1860 Lafia
0 8.5000 4.5500 Ilorin
0 7.2508 5.2103 Akure
0 6.2100 7.0700 Enugu
0 5.1066 7.3667 Uyo
0 4.9517 8.3220 Calabar
0 11.8333 13.1500 Maiduguri_Airport
0 12.4539 4.1975 Birnin_Kebbi
0 13.0622 5.2390 Sokoto
0 11.7091 11.0694 Bauchi
0 10.2897 11.1673 Gombe
0 9.5833 6.5500 Minna
0 7.8019 6.7397 Lokoja
0 7.1534 3.3451 Abeokuta
0 6.4402 7.4943 Awka
0 5.0376 7.9128 Eket
0 4.7774 7.0134 Bonny
0 13.1000 5.2333 Sokoto_Airport
0 12.1704 6.6641 Gusau