20 16.5 -16.0 16.0 17.0 -16.5 -15.5 412.99 158.14 grid
21 16.5 -15.5 16.0 17.0 -16.0 -15.0 486.23 158.14 grid
22 16.5 -15.0 16.0 17.0 -15.5 -14.5 559.48 158.14 grid
23 16.5 -14.5 16.0 17.0 -15.0 -14.0 632.73 158.14 grid
34 16.0 -16.5 15.5 16.5 -17.0 -16.0 339.74 234.48 grid
35 16.0 -16.0 15.5 16.5 -16.5 -15.5 412.99 234.48 grid
36 16.0 -15.5 15.5 16.5 -16.0 -15.0 486.23 234.48 grid
37 16.0 -15.0 15.5 16.5 -15.5 -14.5 559.48 234.48 grid
38 16.0 -14.5 15.5 16.5 -15.0 -14.0 632.73 234.48 grid
39 16.0 -14.0 15.5 16.5 -14.5 -13.5 705.97 234.48 grid
40 16.0 -13.5 15.5 16.5 -14.0 -13.0 779.22 234.48 grid
49 15.5 -16.5 15.0 16.0 -17.0 -16.0 339.74 310.82 grid
50 15.5 -16.0 15.0 16.0 -16.5 -15.5 412.99 310.82 grid
51 15.5 -15.5 15.0 16.0 -16.0 -15.0 486.23 310.82 grid
52 15.5 -15.0 15.0 16.0 -15.5 -14.5 559.48 310.82 grid
53 15.5 -14.5 15.0 16.0 -15.0 -14.0 632.73 310.82 grid
54 15.5 -14.0 15.0 16.0 -14.5 -13.5 705.97 310.82 grid
55 15.5 -13.5 15.0 16.0 -14.0 -13.0 779.22 310.82 grid
63 15.0 -17.0 14.5 15.5 -17.5 -16.5 266.49 387.16 grid
64 15.0 -16.5 14.5 15.5 -17.0 -16.0 339.74 387.16 grid
65 15.0 -16.0 14.5 15.5 -16.5 -15.5 412.99 387.16 grid
66 15.0 -15.5 14.5 15.5 -16.0 -15.0 486.23 387.16 grid
67 15.0 -15.0 14.5 15.5 -15.5 -14.5 559.48 387.16 grid
68 15.0 -14.5 14.5 15.5 -15.0 -14.0 632.73 387.16 grid
69 15.0 -14.0 14.5 15.5 -14.5 -13.5 705.97 387.16 grid
70 15.0 -13.5 14.5 15.5 -14.0 -13.0 779.22 387.16 grid
71 15.0 -13.0 14.5 15.5 -13.5 -12.5 852.47 387.16 grid
72 15.0 -12.5 14.5 15.5 -13.0 -12.0 925.71 387.16 grid
78 14.5 -17.0 14.0 15.0 -17.5 -16.5 266.49 463.5 grid
79 14.5 -16.5 14.0 15.0 -17.0 -16.0 339.74 463.5 grid
80 14.5 -16.0 14.0 15.0 -16.5 -15.5 412.99 463.5 grid
81 14.5 -15.5 14.0 15.0 -16.0 -15.0 486.23 463.5 grid
82 14.5 -15.0 14.0 15.0 -15.5 -14.5 559.48 463.5 grid
83 14.5 -14.5 14.0 15.0 -15.0 -14.0 632.73 463.5 grid
84 14.5 -14.0 14.0 15.0 -14.5 -13.5 705.97 463.5 grid
85 14.5 -13.5 14.0 15.0 -14.0 -13.0 779.22 463.5 grid
86 14.5 -13.0 14.0 15.0 -13.5 -12.5 852.47 463.5 grid
87 14.5 -12.5 14.0 15.0 -13.0 -12.0 925.71 463.5 grid
94 14.0 -16.5 13.5 14.5 -17.0 -16.0 339.74 539.84 grid
95 14.0 -16.0 13.5 14.5 -16.5 -15.5 412.99 539.84 grid
96 14.0 -15.5 13.5 14.5 -16.0 -15.0 486.23 539.84 grid
97 14.0 -15.0 13.5 14.5 -15.5 -14.5 559.48 539.84 grid
98 14.0 -14.5 13.5 14.5 -15.0 -14.0 632.73 539.84 grid
99 14.0 -14.0 13.5 14.5 -14.5 -13.5 705.97 539.84 grid
100 14.0 -13.5 13.5 14.5 -14.0 -13.0 779.22 539.84 grid
101 14.0 -13.0 13.5 14.5 -13.5 -12.5 852.47 539.84 grid
102 14.0 -12.5 13.5 14.5 -13.0 -12.0 925.71 539.84 grid
115 13.5 -13.5 13.0 14.0 -14.0 -13.0 779.22 616.18 grid
116 13.5 -13.0 13.0 14.0 -13.5 -12.5 852.47 616.18 grid
117 13.5 -12.5 13.0 14.0 -13.0 -12.0 925.71 616.18 grid
118 13.5 -12.0 13.0 14.0 -12.5 -11.5 998.96 616.18 grid
124 13.0 -16.5 12.5 13.5 -17.0 -16.0 339.74 692.52 grid
125 13.0 -16.0 12.5 13.5 -16.5 -15.5 412.99 692.52 grid
126 13.0 -15.5 12.5 13.5 -16.0 -15.0 486.23 692.52 grid
127 13.0 -15.0 12.5 13.5 -15.5 -14.5 559.48 692.52 grid
128 13.0 -14.5 12.5 13.5 -15.0 -14.0 632.73 692.52 grid
129 13.0 -14.0 12.5 13.5 -14.5 -13.5 705.97 692.52 grid
130 13.0 -13.5 12.5 13.5 -14.0 -13.0 779.22 692.52 grid
131 13.0 -13.0 12.5 13.5 -13.5 -12.5 852.47 692.52 grid
132 13.0 -12.5 12.5 13.5 -13.0 -12.0 925.71 692.52 grid
133 13.0 -12.0 12.5 13.5 -12.5 -11.5 998.96 692.52 grid
134 13.0 -11.5 12.5 13.5 -12.0 -11.0 1072.21 692.52 grid
139 12.5 -16.5 12.0 13.0 -17.0 -16.0 339.74 768.86 grid
140 12.5 -16.0 12.0 13.0 -16.5 -15.5 412.99 768.86 grid
146 12.5 -13.0 12.0 13.0 -13.5 -12.5 852.47 768.86 grid
147 12.5 -12.5 12.0 13.0 -13.0 -12.0 925.71 768.86 grid
148 12.5 -12.0 12.0 13.0 -12.5 -11.5 998.96 768.86 grid
149 12.5 -11.5 12.0 13.0 -12.0 -11.0 1072.21 768.86 grid
166 14.9 -12.47 14.4 15.4 -12.97 -11.97 948.0 389.34 Bakel
167 14.7 -16.46 14.2 15.2 -16.96 -15.96 264.0 426.42 Bambey
168 12.4 -16.75 11.9 12.9 -17.25 -16.25 214.29 852.84 Cap_Skirring
169 14.73 -17.5 14.23 15.23 -18.0 -17.0 85.71 420.86 Dakar
170 14.65 -16.23 14.15 15.15 -16.73 -15.73 303.43 435.69 Diourbel
171 14.33 -16.4 13.83 14.83 -16.9 -15.9 274.29 495.02 Fatick
172 14.18 -12.71 13.68 14.68 -13.21 -12.21 906.86 522.83 Goudiry
173 14.13 -16.07 13.63 14.63 -16.57 -15.57 330.86 532.1 Kaolack
174 12.57 -12.22 12.07 13.07 -12.72 -11.72 990.86 821.32 Kedougou
175 12.88 -14.97 12.38 13.38 -15.47 -14.47 519.43 763.85 Kolda
176 13.97 -14.83 13.47 14.47 -15.33 -14.33 543.43 561.76 Koungheul
177 15.38 -15.12 14.88 15.88 -15.62 -14.62 493.71 300.35 Linguere
178 15.62 -16.22 15.12 16.12 -16.72 -15.72 305.14 255.85 Louga
179 15.63 -13.25 15.13 16.13 -13.75 -12.75 814.29 254.0 Matam
180 14.42 -16.97 13.92 14.92 -17.47 -16.47 176.57 478.33 Mbour
181 13.73 -15.78 13.23 14.23 -16.28 -15.28 380.57 606.26 Nioro
182 16.65 -14.93 16.15 17.15 -15.43 -14.43 526.29 64.89 Podor
183 16.05 -16.45 15.55 16.55 -16.95 -15.95 265.71 176.13 St_Louis
184 13.77 -13.68 13.27 14.27 -14.18 -13.18 740.57 598.84 Tambacounda
185 14.8 -16.95 14.3 15.3 -17.45 -16.45 180.0 407.88 Thies
186 12.55 -16.27 12.05 13.05 -16.77 -15.77 296.57 825.03 Ziguinchor
