17 13.0 14.4 12.6 13.4 14.0 14.8 940.36 81.79 grid
38 12.6 14.4 12.2 13.0 14.0 14.8 940.36 109.55 grid
39 12.6 14.8 12.2 13.0 14.4 15.2 991.64 109.55 grid
60 12.2 14.8 11.8 12.6 14.4 15.2 991.64 137.31 grid
81 11.8 14.8 11.4 12.2 14.4 15.2 991.64 165.08 grid
102 11.4 14.8 11.0 11.8 14.4 15.2 991.64 192.84 grid
121 11.0 14.0 10.6 11.4 13.6 14.4 889.09 220.6 grid
122 11.0 14.4 10.6 11.4 14.0 14.8 940.36 220.6 grid
123 11.0 14.8 10.6 11.4 14.4 15.2 991.64 220.6 grid
141 10.6 13.6 10.2 11.0 13.2 14.0 837.82 248.36 grid
142 10.6 14.0 10.2 11.0 13.6 14.4 889.09 248.36 grid
143 10.6 14.4 10.2 11.0 14.0 14.8 940.36 248.36 grid
144 10.6 14.8 10.2 11.0 14.4 15.2 991.64 248.36 grid
162 10.2 13.6 9.8 10.6 13.2 14.0 837.82 276.12 grid
163 10.2 14.0 9.8 10.6 13.6 14.4 889.09 276.12 grid
164 10.2 14.4 9.8 10.6 14.0 14.8 940.36 276.12 grid
165 10.2 14.8 9.8 10.6 14.4 15.2 991.64 276.12 grid
166 10.2 15.2 9.8 10.6 14.8 15.6 1042.91 276.12 grid
183 9.8 13.6 9.4 10.2 13.2 14.0 837.82 303.88 grid
184 9.8 14.0 9.4 10.2 13.6 14.4 889.09 303.88 grid
203 9.4 13.2 9.0 9.8 12.8 13.6 786.55 331.64 grid
204 9.4 13.6 9.0 9.8 13.2 14.0 837.82 331.64 grid
205 9.4 14.0 9.0 9.8 13.6 14.4 889.09 331.64 grid
224 9.0 13.2 8.6 9.4 12.8 13.6 786.55 359.4 grid
225 9.0 13.6 8.6 9.4 13.2 14.0 837.82 359.4 grid
226 9.0 14.0 8.6 9.4 13.6 14.4 889.09 359.4 grid
227 9.0 14.4 8.6 9.4 14.0 14.8 940.36 359.4 grid
244 8.6 12.8 8.2 9.0 12.4 13.2 735.27 387.16 grid
245 8.6 13.2 8.2 9.0 12.8 13.6 786.55 387.16 grid
246 8.6 13.6 8.2 9.0 13.2 14.0 837.82 387.16 grid
247 8.6 14.0 8.2 9.0 13.6 14.4 889.09 387.16 grid
248 8.6 14.4 8.2 9.0 14.0 14.8 940.36 387.16 grid
249 8.6 14.8 8.2 9.0 14.4 15.2 991.64 387.16 grid
264 8.2 12.4 7.8 8.6 12.0 12.8 684.0 414.92 grid
265 8.2 12.8 7.8 8.6 12.4 13.2 735.27 414.92 grid
266 8.2 13.2 7.8 8.6 12.8 13.6 786.55 414.92 grid
267 8.2 13.6 7.8 8.6 13.2 14.0 837.82 414.92 grid
268 8.2 14.0 7.8 8.6 13.6 14.4 889.09 414.92 grid
269 8.2 14.4 7.8 8.6 14.0 14.8 940.36 414.92 grid
270 8.2 14.8 7.8 8.6 14.4 15.2 991.64 414.92 grid
271 8.2 15.2 7.8 8.6 14.8 15.6 1042.91 414.92 grid
285 7.8 12.4 7.4 8.2 12.0 12.8 684.0 442.68 grid
286 7.8 12.8 7.4 8.2 12.4 13.2 735.27 442.68 grid
287 7.8 13.2 7.4 8.2 12.8 13.6 786.55 442.68 grid
288 7.8 13.6 7.4 8.2 13.2 14.0 837.82 442.68 grid
289 7.8 14.0 7.4 8.2 13.6 14.4 889.09 442.68 grid
290 7.8 14.4 7.4 8.2 14.0 14.8 940.36 442.68 grid
291 7.8 14.8 7.4 8.2 14.4 15.2 991.64 442.68 grid
292 7.8 15.2 7.4 8.2 14.8 15.6 1042.91 442.68 grid
305 7.4 12.0 7.0 7.8 11.6 12.4 632.73 470.44 grid
306 7.4 12.4 7.0 7.8 12.0 12.8 684.0 470.44 grid
307 7.4 12.8 7.0 7.8 12.4 13.2 735.27 470.44 grid
308 7.4 13.2 7.0 7.8 12.8 13.6 786.55 470.44 grid
309 7.4 13.6 7.0 7.8 13.2 14.0 837.82 470.44 grid
310 7.4 14.0 7.0 7.8 13.6 14.4 889.09 470.44 grid
311 7.4 14.4 7.0 7.8 14.0 14.8 940.36 470.44 grid
312 7.4 14.8 7.0 7.8 14.4 15.2 991.64 470.44 grid
313 7.4 15.2 7.0 7.8 14.8 15.6 1042.91 470.44 grid
326 7.0 12.0 6.6 7.4 11.6 12.4 632.73 498.2 grid
327 7.0 12.4 6.6 7.4 12.0 12.8 684.0 498.2 grid
328 7.0 12.8 6.6 7.4 12.4 13.2 735.27 498.2 grid
329 7.0 13.2 6.6 7.4 12.8 13.6 786.55 498.2 grid
330 7.0 13.6 6.6 7.4 13.2 14.0 837.82 498.2 grid
331 7.0 14.0 6.6 7.4 13.6 14.4 889.09 498.2 grid
332 7.0 14.4 6.6 7.4 14.0 14.8 940.36 498.2 grid
333 7.0 14.8 6.6 7.4 14.4 15.2 991.64 498.2 grid
342 6.6 10.0 6.2 7.0 9.6 10.4 376.36 525.96 grid
343 6.6 10.4 6.2 7.0 10.0 10.8 427.64 525.96 grid
344 6.6 10.8 6.2 7.0 10.4 11.2 478.91 525.96 grid
346 6.6 11.6 6.2 7.0 11.2 12.0 581.45 525.96 grid
347 6.6 12.0 6.2 7.0 11.6 12.4 632.73 525.96 grid
348 6.6 12.4 6.2 7.0 12.0 12.8 684.0 525.96 grid
349 6.6 12.8 6.2 7.0 12.4 13.2 735.27 525.96 grid
350 6.6 13.2 6.2 7.0 12.8 13.6 786.55 525.96 grid
351 6.6 13.6 6.2 7.0 13.2 14.0 837.82 525.96 grid
352 6.6 14.0 6.2 7.0 13.6 14.4 889.09 525.96 grid
353 6.6 14.4 6.2 7.0 14.0 14.8 940.36 525.96 grid
354 6.6 14.8 6.2 7.0 14.4 15.2 991.64 525.96 grid
362 6.2 9.6 5.8 6.6 9.2 10.0 325.09 553.72 grid
363 6.2 10.0 5.8 6.6 9.6 10.4 376.36 553.72 grid
364 6.2 10.4 5.8 6.6 10.0 10.8 427.64 553.72 grid
365 6.2 10.8 5.8 6.6 10.4 11.2 478.91 553.72 grid
366 6.2 11.2 5.8 6.6 10.8 11.6 530.18 553.72 grid
367 6.2 11.6 5.8 6.6 11.2 12.0 581.45 553.72 grid
368 6.2 12.0 5.8 6.6 11.6 12.4 632.73 553.72 grid
369 6.2 12.4 5.8 6.6 12.0 12.8 684.0 553.72 grid
370 6.2 12.8 5.8 6.6 12.4 13.2 735.27 553.72 grid
371 6.2 13.2 5.8 6.6 12.8 13.6 786.55 553.72 grid
372 6.2 13.6 5.8 6.6 13.2 14.0 837.82 553.72 grid
373 6.2 14.0 5.8 6.6 13.6 14.4 889.09 553.72 grid
374 6.2 14.4 5.8 6.6 14.0 14.8 940.36 553.72 grid
382 5.8 9.2 5.4 6.2 8.8 9.6 273.82 581.48 grid
383 5.8 9.6 5.4 6.2 9.2 10.0 325.09 581.48 grid
384 5.8 10.0 5.4 6.2 9.6 10.4 376.36 581.48 grid
385 5.8 10.4 5.4 6.2 10.0 10.8 427.64 581.48 grid
386 5.8 10.8 5.4 6.2 10.4 11.2 478.91 581.48 grid
387 5.8 11.2 5.4 6.2 10.8 11.6 530.18 581.48 grid
388 5.8 11.6 5.4 6.2 11.2 12.0 581.45 581.48 grid
389 5.8 12.0 5.4 6.2 11.6 12.4 632.73 581.48 grid
390 5.8 12.4 5.4 6.2 12.0 12.8 684.0 581.48 grid
391 5.8 12.8 5.4 6.2 12.4 13.2 735.27 581.48 grid
392 5.8 13.2 5.4 6.2 12.8 13.6 786.55 581.48 grid
393 5.8 13.6 5.4 6.2 13.2 14.0 837.82 581.48 grid
394 5.8 14.0 5.4 6.2 13.6 14.4 889.09 581.48 grid
395 5.8 14.4 5.4 6.2 14.0 14.8 940.36 581.48 grid
403 5.4 9.2 5.0 5.8 8.8 9.6 273.82 609.24 grid
404 5.4 9.6 5.0 5.8 9.2 10.0 325.09 609.24 grid
405 5.4 10.0 5.0 5.8 9.6 10.4 376.36 609.24 grid
406 5.4 10.4 5.0 5.8 10.0 10.8 427.64 609.24 grid
407 5.4 10.8 5.0 5.8 10.4 11.2 478.91 609.24 grid
408 5.4 11.2 5.0 5.8 10.8 11.6 530.18 609.24 grid
409 5.4 11.6 5.0 5.8 11.2 12.0 581.45 609.24 grid
410 5.4 12.0 5.0 5.8 11.6 12.4 632.73 609.24 grid
411 5.4 12.4 5.0 5.8 12.0 12.8 684.0 609.24 grid
412 5.4 12.8 5.0 5.8 12.4 13.2 735.27 609.24 grid
413 5.4 13.2 5.0 5.8 12.8 13.6 786.55 609.24 grid
414 5.4 13.6 5.0 5.8 13.2 14.0 837.82 609.24 grid
415 5.4 14.0 5.0 5.8 13.6 14.4 889.09 609.24 grid
416 5.4 14.4 5.0 5.8 14.0 14.8 940.36 609.24 grid
423 5.0 8.8 4.6 5.4 8.4 9.2 222.55 637.0 grid
424 5.0 9.2 4.6 5.4 8.8 9.6 273.82 637.0 grid
425 5.0 9.6 4.6 5.4 9.2 10.0 325.09 637.0 grid
426 5.0 10.0 4.6 5.4 9.6 10.4 376.36 637.0 grid
427 5.0 10.4 4.6 5.4 10.0 10.8 427.64 637.0 grid
428 5.0 10.8 4.6 5.4 10.4 11.2 478.91 637.0 grid
429 5.0 11.2 4.6 5.4 10.8 11.6 530.18 637.0 grid
430 5.0 11.6 4.6 5.4 11.2 12.0 581.45 637.0 grid
431 5.0 12.0 4.6 5.4 11.6 12.4 632.73 637.0 grid
432 5.0 12.4 4.6 5.4 12.0 12.8 684.0 637.0 grid
433 5.0 12.8 4.6 5.4 12.4 13.2 735.27 637.0 grid
434 5.0 13.2 4.6 5.4 12.8 13.6 786.55 637.0 grid
435 5.0 13.6 4.6 5.4 13.2 14.0 837.82 637.0 grid
436 5.0 14.0 4.6 5.4 13.6 14.4 889.09 637.0 grid
437 5.0 14.4 4.6 5.4 14.0 14.8 940.36 637.0 grid
444 4.6 8.8 4.2 5.0 8.4 9.2 222.55 664.76 grid
445 4.6 9.2 4.2 5.0 8.8 9.6 273.82 664.76 grid
446 4.6 9.6 4.2 5.0 9.2 10.0 325.09 664.76 grid
447 4.6 10.0 4.2 5.0 9.6 10.4 376.36 664.76 grid
448 4.6 10.4 4.2 5.0 10.0 10.8 427.64 664.76 grid
449 4.6 10.8 4.2 5.0 10.4 11.2 478.91 664.76 grid
450 4.6 11.2 4.2 5.0 10.8 11.6 530.18 664.76 grid
451 4.6 11.6 4.2 5.0 11.2 12.0 581.45 664.76 grid
452 4.6 12.0 4.2 5.0 11.6 12.4 632.73 664.76 grid
453 4.6 12.4 4.2 5.0 12.0 12.8 684.0 664.76 grid
454 4.6 12.8 4.2 5.0 12.4 13.2 735.27 664.76 grid
455 4.6 13.2 4.2 5.0 12.8 13.6 786.55 664.76 grid
456 4.6 13.6 4.2 5.0 13.2 14.0 837.82 664.76 grid
457 4.6 14.0 4.2 5.0 13.6 14.4 889.09 664.76 grid
458 4.6 14.4 4.2 5.0 14.0 14.8 940.36 664.76 grid
466 4.2 9.2 3.8 4.6 8.8 9.6 273.82 692.52 grid
467 4.2 9.6 3.8 4.6 9.2 10.0 325.09 692.52 grid
468 4.2 10.0 3.8 4.6 9.6 10.4 376.36 692.52 grid
469 4.2 10.4 3.8 4.6 10.0 10.8 427.64 692.52 grid
470 4.2 10.8 3.8 4.6 10.4 11.2 478.91 692.52 grid
471 4.2 11.2 3.8 4.6 10.8 11.6 530.18 692.52 grid
472 4.2 11.6 3.8 4.6 11.2 12.0 581.45 692.52 grid
473 4.2 12.0 3.8 4.6 11.6 12.4 632.73 692.52 grid
474 4.2 12.4 3.8 4.6 12.0 12.8 684.0 692.52 grid
475 4.2 12.8 3.8 4.6 12.4 13.2 735.27 692.52 grid
476 4.2 13.2 3.8 4.6 12.8 13.6 786.55 692.52 grid
477 4.2 13.6 3.8 4.6 13.2 14.0 837.82 692.52 grid
478 4.2 14.0 3.8 4.6 13.6 14.4 889.09 692.52 grid
479 4.2 14.4 3.8 4.6 14.0 14.8 940.36 692.52 grid
480 4.2 14.8 3.8 4.6 14.4 15.2 991.64 692.52 grid
488 3.8 9.6 3.4 4.2 9.2 10.0 325.09 720.28 grid
489 3.8 10.0 3.4 4.2 9.6 10.4 376.36 720.28 grid
490 3.8 10.4 3.4 4.2 10.0 10.8 427.64 720.28 grid
491 3.8 10.8 3.4 4.2 10.4 11.2 478.91 720.28 grid
492 3.8 11.2 3.4 4.2 10.8 11.6 530.18 720.28 grid
493 3.8 11.6 3.4 4.2 11.2 12.0 581.45 720.28 grid
494 3.8 12.0 3.4 4.2 11.6 12.4 632.73 720.28 grid
495 3.8 12.4 3.4 4.2 12.0 12.8 684.0 720.28 grid
496 3.8 12.8 3.4 4.2 12.4 13.2 735.27 720.28 grid
497 3.8 13.2 3.4 4.2 12.8 13.6 786.55 720.28 grid
498 3.8 13.6 3.4 4.2 13.2 14.0 837.82 720.28 grid
499 3.8 14.0 3.4 4.2 13.6 14.4 889.09 720.28 grid
500 3.8 14.4 3.4 4.2 14.0 14.8 940.36 720.28 grid
501 3.8 14.8 3.4 4.2 14.4 15.2 991.64 720.28 grid
510 3.4 10.0 3.0 3.8 9.6 10.4 376.36 748.04 grid
511 3.4 10.4 3.0 3.8 10.0 10.8 427.64 748.04 grid
512 3.4 10.8 3.0 3.8 10.4 11.2 478.91 748.04 grid
513 3.4 11.2 3.0 3.8 10.8 11.6 530.18 748.04 grid
514 3.4 11.6 3.0 3.8 11.2 12.0 581.45 748.04 grid
515 3.4 12.0 3.0 3.8 11.6 12.4 632.73 748.04 grid
516 3.4 12.4 3.0 3.8 12.0 12.8 684.0 748.04 grid
517 3.4 12.8 3.0 3.8 12.4 13.2 735.27 748.04 grid
518 3.4 13.2 3.0 3.8 12.8 13.6 786.55 748.04 grid
519 3.4 13.6 3.0 3.8 13.2 14.0 837.82 748.04 grid
520 3.4 14.0 3.0 3.8 13.6 14.4 889.09 748.04 grid
521 3.4 14.4 3.0 3.8 14.0 14.8 940.36 748.04 grid
522 3.4 14.8 3.0 3.8 14.4 15.2 991.64 748.04 grid
523 3.4 15.2 3.0 3.8 14.8 15.6 1042.91 748.04 grid
531 3.0 10.0 2.6 3.4 9.6 10.4 376.36 775.8 grid
532 3.0 10.4 2.6 3.4 10.0 10.8 427.64 775.8 grid
533 3.0 10.8 2.6 3.4 10.4 11.2 478.91 775.8 grid
534 3.0 11.2 2.6 3.4 10.8 11.6 530.18 775.8 grid
535 3.0 11.6 2.6 3.4 11.2 12.0 581.45 775.8 grid
536 3.0 12.0 2.6 3.4 11.6 12.4 632.73 775.8 grid
537 3.0 12.4 2.6 3.4 12.0 12.8 684.0 775.8 grid
538 3.0 12.8 2.6 3.4 12.4 13.2 735.27 775.8 grid
539 3.0 13.2 2.6 3.4 12.8 13.6 786.55 775.8 grid
540 3.0 13.6 2.6 3.4 13.2 14.0 837.82 775.8 grid
541 3.0 14.0 2.6 3.4 13.6 14.4 889.09 775.8 grid
542 3.0 14.4 2.6 3.4 14.0 14.8 940.36 775.8 grid
543 3.0 14.8 2.6 3.4 14.4 15.2 991.64 775.8 grid
544 3.0 15.2 2.6 3.4 14.8 15.6 1042.91 775.8 grid
545 3.0 15.6 2.6 3.4 15.2 16.0 1094.18 775.8 grid
546 3.0 16.0 2.6 3.4 15.6 16.4 1145.45 775.8 grid
552 2.6 10.0 2.2 3.0 9.6 10.4 376.36 803.57 grid
553 2.6 10.4 2.2 3.0 10.0 10.8 427.64 803.57 grid
554 2.6 10.8 2.2 3.0 10.4 11.2 478.91 803.57 grid
555 2.6 11.2 2.2 3.0 10.8 11.6 530.18 803.57 grid
556 2.6 11.6 2.2 3.0 11.2 12.0 581.45 803.57 grid
557 2.6 12.0 2.2 3.0 11.6 12.4 632.73 803.57 grid
558 2.6 12.4 2.2 3.0 12.0 12.8 684.0 803.57 grid
559 2.6 12.8 2.2 3.0 12.4 13.2 735.27 803.57 grid
560 2.6 13.2 2.2 3.0 12.8 13.6 786.55 803.57 grid
561 2.6 13.6 2.2 3.0 13.2 14.0 837.82 803.57 grid
562 2.6 14.0 2.2 3.0 13.6 14.4 889.09 803.57 grid
563 2.6 14.4 2.2 3.0 14.0 14.8 940.36 803.57 grid
564 2.6 14.8 2.2 3.0 14.4 15.2 991.64 803.57 grid
565 2.6 15.2 2.2 3.0 14.8 15.6 1042.91 803.57 grid
566 2.6 15.6 2.2 3.0 15.2 16.0 1094.18 803.57 grid
567 2.6 16.0 2.2 3.0 15.6 16.4 1145.45 803.57 grid
573 2.2 10.0 1.8 2.6 9.6 10.4 376.36 831.33 grid
574 2.2 10.4 1.8 2.6 10.0 10.8 427.64 831.33 grid
575 2.2 10.8 1.8 2.6 10.4 11.2 478.91 831.33 grid
576 2.2 11.2 1.8 2.6 10.8 11.6 530.18 831.33 grid
582 2.2 13.6 1.8 2.6 13.2 14.0 837.82 831.33 grid
583 2.2 14.0 1.8 2.6 13.6 14.4 889.09 831.33 grid
584 2.2 14.4 1.8 2.6 14.0 14.8 940.36 831.33 grid
585 2.2 14.8 1.8 2.6 14.4 15.2 991.64 831.33 grid
586 2.2 15.2 1.8 2.6 14.8 15.6 1042.91 831.33 grid
587 2.2 15.6 1.8 2.6 15.2 16.0 1094.18 831.33 grid
588 2.2 16.0 1.8 2.6 15.6 16.4 1145.45 831.33 grid
609 1.8 16.0 1.4 2.2 15.6 16.4 1145.45 859.09 grid
610 4.01 9.7 3.61 4.41 9.3 10.1 255.0 757.61 Douala
611 3.84 11.51 3.44 4.24 11.11 11.91 526.5 771.94 Yaounde
612 9.33 13.39 8.93 9.73 12.99 13.79 808.5 309.28 Garoua
613 10.6 14.33 10.2 11.0 13.93 14.73 949.5 202.25 Maroua
614 7.36 13.57 6.96 7.76 13.17 13.97 835.5 475.3 Ngaoundere
615 5.96 10.15 5.56 6.36 9.75 10.55 322.5 593.28 Bamenda
616 5.48 10.42 5.08 5.88 10.02 10.82 363.0 633.73 Bafoussam
617 4.16 9.24 3.76 4.56 8.84 9.64 186.0 744.97 Buea
618 2.93 9.9 2.53 3.33 9.5 10.3 285.0 848.63 Kribi
